30953160,
30952734,
30952377,
30952300,
30950648,
30950202,
30950185,
30949408,
30948779,
30947597,
30947564,
30946843,
30943926,
30941946,
30940853,
30940109,
30936123,
30935945,
30935099,
30931120,
30930968,
30930224,
30929758,
30929254,
30925742,
30924596,
30923946,
30923943,
30923558,
30923439,
30922388,
30922080,
30921217,
30920015,
30918895,
30917858,
30917841,
30917582,
30917458,
30917320,
30915271,
30915142,
30913346,
30912847,
30912805,
30912007,
30911281,
30911072,
30910656,
30909610,
30909479,
30908413,
30905815,
30905455,
30905449,
30905447,
30905446,
30903973,
30903749,
30900485,
30900145,
30898707,
30897162,
30896817,
30896658,
30896328,
30895661,
30895304,
30894499,
30894353,
30892048,
30891794,
30890507,
30890505,
30889898,
30889876,
30889835,
30889786,
30888716,
30887841,
30887098,
30886438,
30886309,
30885926,
30885551,
30885550,
30885355,
30885354,
30885349,
30885344,
30885275,
30885163,
30881019,
30878997,
30878126,
30877105,
30873516,
30872662,
30871481,
30871256,
30869543,
30868951,
30867848,
30867756,
30867242,
30866952,
30866866,
30864684,
30864326,
30864258,
30864244,
30864106,
30863118,
30862891,
30859681,
30855490,
30855441,
30854966,
30854931,
30854794,
30854452,
30854054,
30852159,
30851953,
30850724,
30850021,
30849967,
30848500,
30848226,
30846532,
30845938,
30845770,
30843663,
30842342,
30842182,
30842132,
30842129,
30841934,
30841910,
30841703,
30841426,
30838090,
30837581,
30837421,
30834052,
30834050,
30832661,
30832488,
30829338,
30826644,
30825132,
30825027,
30825015,
30824826,
30824587,
30820345,
30819829,
30819492,
30819491,
30819235,
30819158,
30818873,
30816464,
30816447,
30815801,
30814494,
30813457,
30813420,
30810286,
30808718,
30807798,
30807688,
30806240,
30805978,
30804354,
30803947,
30803369,
30802432,
30801854,
30798450,
30798142,
30796310,
30795562,
30794217,
30793508,
30792906,
30792813,
30791695,
30790471,
30787392,
30787260,
30787053,
30786836,
30785829,
30785070,
30781877,
30781735,
30779465,
30779079,
30778885,
30777100,
30777071,
30776966,
30776229,
30775876,
30775033,
30775031,
30775030,
30775028,
30775024,
30775023,
30775022,
30774378,
30773559,
30772141,
30771783,
30771292,
30766750,
30765623,
30764677,
30763729,
30763573,
30763126,
30761256,
30760495,
30760478,
30759408,
30758733,
30755260,
30754727,
30753382,
30747487,
30745943,
30745810,
30744692,
30744585,
30744168,
30744078,
30740257,
30737371,
30737018,
30736438,
30736412,
30734525,
30734304,
30733502,
30733306,
30733075,
30732158,
30730943,
30727821,
30726660,
30725206,
30719824,
30719208,
30719108,
30718843,
30718500,
30718424,
30718260,
30717421,
30715647,
30714578,
30713587,
30711966,
30711962,
30711957,
30711938,
30711537,
30711336,
30710758,
30710323,
30709424,
30707694,
30706513,
30705384,
30703089,
30701963,
30701200,
30700444,
30700443,
30698677,
30698666,
30697539,
30696915,
30695864,
30695863,
30693913,
30692208,
30689816,
30689358,
30688413,
30686680,
30686251,
30685832,
30685590,
30685412,
30683880,
30683629,
30683030,
30683021,
30682755,
30682754,
30680606,
30680213,
30679984,
30679488,
30678417,
30678026,
30675288,
30675268,
30675236,
30675197,
30675193,
30674939,
30674502,
30674392,
30674390,
30674389,
30672548,
30669748,
30669662,
30669618,
30669306,
30668360,
30666802,
30666125,
30665327,
30664064,
30662662,
30662525,
30660711,
30660651,
30660540,
30659947,
30658666,
30658453,
30658113,
30657586,
30656858,
30656076,
30655989,
30655984,
30655905,
30655825,
30655733,
30655340,
30654372,
30653124,
30653090,
30652656,
30652552,
30652182,
30651547,
30648633,
30647455,
30647082,
30646616,
30645172,
30644728,
30643969,
30643066,
30643065,
30642838,
30642555,
30642544,
30642390,
30641222,
30640754,
30640705,
30640517,
30638277,
30637094,
30636881,
30636374,
30635982,
30634629,
30632850,
30631609,
30629454,
30628926,
30628638,
30627556,
30622423,
30620399,
30619757,
30619732,
30617131,
30616523,
30612604,
30612562,
30610040,
30609689,
30609134,
30608133,
30607635,
30607521,
30606993,
30606770,
30606716,
30604908,
30604797,
30604627,
30604241,
30603797,
30603606,
30602079,
30597925,
30596549,
30596382,
30595752,
30595194,
30594196,
30593245,
30593175,
30591535,
30591423,
30591100,
30590971,
30590870,
30590402,
30590322,
30589930,
30589050,
30589049,
30588254,
30588240,
30588191,
30587626,
30587233,
30587197,
30586539,
30585401,
30578392,
30577741,
30577587,
30577008,
30575565,
30574760,
30574163,
30574087,
30574021,
30573992,
30572846,
30572662,
30572556,
30572331,
30570649,
30570508,
30570412,
30569450,
30569315,
30569133,
30568162,
30568033,
30567728,
30566947,
30565869,
30564115,
30563891,
30563890,
30562746,
30562710,
30561862,
30561010,
30559003,
30558661,
30557986,
30557872,
30557521,
30557355,
30556321,
30555938,
30555633,
30555348,
30554099,
30553472,
30552981,
30552964,
30552475,
30552364,
30550403,
30549299,
30549261,
30548184,
30547844,
30545439,
30545133,
30544423,
30544036,
30542790,
30542737,
30542568,
30542454,
30542415,
30541307,
30524957,
30524655,
30524637,
30524164,
30523500,
30522463,
30522198,
30539871,
30539856,
30539837,
30539827,
30538784,
30538558,
30537950,
30537734,
30536836,
30536780,
30536712,
30536653,
30536447,
30536321,
30535858,
30535503,
30535445,
30535340,
30535060,
30532555,
30532012,
30529903,
30529598,
30528799,
30528137,
30527192,
30527180,
30526536,
30526532,
30521502,
30521079,
30521066,
30519330,
30519101,
30519089,
30519046,
30518088,
30508306,
30508167,
30505716,
30505714,
30505713,
30505712,
30505711,
30505710,
30505709,
30505708,
30505707,
30505706,
30505306,
30504406,
30504389,
30504380,
30504289,
30503552,
30501113,
30515265,
30515095,
30514297,
30510965,
30510441,
30510432,
30510249,
30510122,
30500989,
30499104,
30498398,
30498206,
30498189,
30497474,
30488402,
30487137,
30487135,
30486896,
30486550,
30485701,
30485693,
30485511,
30483898,
30483771,
30482633,
30482117,
30480312,
30479323,
30478628,
30478447,
30477310,
30476924,
30475755,
30475081,
30473010,
30472670,
30472556,
30472259,
30470605,
30470260,
30468471,
30467878,
30467633,
30466982,
30466765,
30466099,
30465193,
30464667,
30464601,
30464509,
30462523,
30461619,
30460197,
30459281,
30455584,
30455129,
30455077,
30454550,
30453885,
30452490,
30451486,
30451357,
30451118,
30450290,
30450232,
30449485,
30448912,
30448845,
30448176,
30447346,
30446652,
30446633,
30445818,
30445746,
30445271,
30445173,
30445010,
30444051,
30444046,
30443163,
30442561,
30442364,
30442273,
30439711,
30439409,
30439289,
30431717,
30431573,
30431116,
30431103,
30430428,
